20
20
12 34 57 98 45 67 23 15 78 54 32 87 43 22 99 66 11 8 14 55
65 32 14 90 56 21 33 47 61 77 82 51 16 73 94 60 25 13 71 29
83 21 50 26 68 49 75 61 92 39 18 6 88 43 85 10 48 93 44 19
56 97 73 30 66 57 11 84 31 65 27 12 20 96 38 74 79 52 69 2
28 64 82 9 53 30 74 22 50 77 93 6 18 46 57 99 49 27 88 12
25 33 47 58 42 9 67 60 39 84 76 15 31 100 65 44 5 94 19 81
36 56 14 70 25 83 49 11 13 69 28 78 63 87 53 18 92 32 46 11
55 34 99 37 9 27 70 81 61 43 16 57 92 21 62 68 84 6 51 39
76 22 47 61 81 24 99 58 30 37 51 74 20 43 28 56 11 19 90 62
11 39 27 73 65 85 31 55 18 66 84 92 74 50 99 9 47 33 6 87
82 72 21 46 55 63 100 34 27 14 76 85 92 29 11 48 60 23 99 13
24 64 99 38 53 80 18 27 34 41 9 92 66 11 56 84 29 51 73 6
51 92 18 77 64 55 89 61 22 33 97 38 17 72 50 64 82 19 11 27
36 47 62 91 10 73 58 29 49 76 43 68 53 35 6 77 51 62 92 41
88 57 33 27 72 21 56 39 70 18 51 9 92 11 64 77 44 28 56 13
59 20 38 94 44 23 15 51 76 62 10 34 71 49 66 27 80 56 31 77
40 13 22 88 51 68 71 39 66 3 54 42 92 28 81 64 7 96 80 45
13 24 77 45 36 58 29 19 31 55 66 47 73 92 26 8 66 88 39 81
66 45 91 39 70 57 51 12 44 61 76 2 28 19 91 84 36 45 18 73
9 85 53 28 64 19 57 38 11 72 39 88 36 27 41 81 66 56 17 3